[appsetup/app_config]
version = 6.4.5
modtime = 1521518148.860850000

[app/install/is_configured]
version = 6.4.5
modtime = 1521518149.555371000

[app/install/state]
version = 6.4.5
modtime = 1521517837.705946000

[nav/default]
version = 6.4.5
modtime = 1521518446.305972000
